0 0
0.000999001 0.001
0.00199601 0.002
0.00299102 0.003
0.00398404 0.004
0.00497508 0.005
0.00596414 0.006
0.00695123 0.007
0.00793634 0.008
0.00891948 0.009
0.00990066 0.01
0.0108799 0.011
0.0118571 0.012
0.0128325 0.013
0.0138058 0.014
0.0147772 0.015
0.0157467 0.016
0.0167142 0.017
0.0176799 0.018
0.0186435 0.019
0.0196053 0.02
0.0205651 0.021
0.021523 0.022
0.022479 0.023
0.0234331 0.024
0.0243853 0.025
0.0253356 0.026
0.0262839 0.027
0.0272304 0.028
0.028175 0.029
0.0291177 0.03
0.0300586 0.031
0.0309975 0.032
0.0319346 0.033
0.0328698 0.034
0.0338031 0.035
0.0347346 0.036
0.0356642 0.037
0.0365919 0.038
0.0375178 0.039
0.0384418 0.04
0.039364 0.041
0.0402844 0.042
0.0412029 0.043
0.0421196 0.044
0.0430344 0.045
0.0439474 0.046
0.0448586 0.047
0.045768 0.048
0.0466755 0.049
0.0475813 0.05
0.0484852 0.051
0.0493874 0.052
0.0502877 0.053
0.0511862 0.054
0.0520829 0.055
0.0529779 0.056
0.053871 0.057
0.0547624 0.058
0.055652 0.059
0.0565398 0.06
0.0574258 0.061
0.0583101 0.062
0.0591926 0.063
0.0600733 0.064
0.0609523 0.065
0.0618295 0.066
0.062705 0.067
0.0635787 0.068
0.0644507 0.069
0.0653209 0.07
0.0661894 0.071
0.0670561 0.072
0.0679211 0.073
0.0687844 0.074
0.069646 0.075
0.0705059 0.076
0.071364 0.077
0.0722204 0.078
0.0730751 0.079
0.0739281 0.08
0.0747794 0.081
0.075629 0.082
0.0764769 0.083
0.0773231 0.084
0.0781676 0.085
0.0790104 0.086
0.0798516 0.087
0.080691 0.088
0.0815288 0.089
0.0823649 0.09
0.0831993 0.091
0.0840321 0.092
0.0848632 0.093
0.0856926 0.094
0.0865204 0.095
0.0873466 0.096
0.088171 0.097
0.0889939 0.098
0.0898151 0.099
0.0906346 0.1
0.0914525 0.101
0.0922688 0.102
0.0930835 0.103
0.0938965 0.104
0.0947079 0.105
0.0955177 0.106
0.0963258 0.107
0.0971323 0.108
0.0979373 0.109
0.0987406 0.11
0.0995423 0.111
0.100342 0.112
0.101141 0.113
0.101938 0.114
0.102733 0.115
0.103527 0.116
0.104319 0.117
0.10511 0.118
0.105899 0.119
0.106686 0.12
0.107472 0.121
0.108256 0.122
0.109039 0.123
0.10982 0.124
0.1106 0.125
0.111378 0.126
0.112154 0.127
0.112929 0.128
0.113702 0.129
0.114474 0.13
0.115244 0.131
0.116013 0.132
0.11678 0.133
0.117546 0.134
0.11831 0.135
0.119073 0.136
0.119834 0.137
0.120594 0.138
0.121352 0.139
0.122108 0.14
0.122863 0.141
0.123617 0.142
0.124369 0.143
0.125119 0.144
0.125868 0.145
0.126616 0.146
0.127362 0.147
0.128106 0.148
0.128849 0.149
0.129591 0.15
0.130331 0.151
0.13107 0.152
0.131807 0.153
0.132542 0.154
0.133277 0.155
0.134009 0.156
0.13474 0.157
0.13547 0.158
0.136199 0.159
0.136925 0.16
0.137651 0.161
0.138375 0.162
0.139097 0.163
0.139818 0.164
0.140538 0.165
0.141256 0.166
0.141973 0.167
0.142688 0.168
0.143402 0.169
0.144115 0.17
0.144826 0.171
0.145536 0.172
0.146244 0.173
0.146951 0.174
0.147656 0.175
0.14836 0.176
0.149063 0.177
0.149764 0.178
0.150463 0.179
0.151162 0.18
0.151859 0.181
0.152554 0.182
0.153249 0.183
0.153941 0.184
0.154633 0.185
0.155323 0.186
0.156012 0.187
0.156699 0.188
0.157385 0.189
0.158069 0.19
0.158752 0.191
0.159434 0.192
0.160115 0.193
0.160794 0.194
0.161472 0.195
0.162148 0.196
0.162823 0.197
0.163497 0.198
0.164169 0.199
0.16484 0.2
0.16551 0.201
0.166178 0.202
0.166845 0.203
0.167511 0.204
0.168175 0.205
0.168838 0.206
0.1695 0.207
0.17016 0.208
0.170819 0.209
0.171477 0.21
0.172133 0.211
0.172788 0.212
0.173442 0.213
0.174094 0.214
0.174745 0.215
0.175395 0.216
0.176044 0.217
0.176691 0.218
0.177337 0.219
0.177982 0.22
0.178625 0.221
0.179267 0.222
0.179908 0.223
0.180548 0.224
0.181186 0.225
0.181823 0.226
0.182459 0.227
0.183093 0.228
0.183726 0.229
0.184358 0.23
0.184989 0.231
0.185618 0.232
0.186246 0.233
0.186873 0.234
0.187499 0.235
0.188123 0.236
0.188746 0.237
0.189368 0.238
0.189989 0.239
0.190608 0.24
0.191226 0.241
0.191843 0.242
0.192459 0.243
0.193074 0.244
0.193687 0.245
0.194299 0.246
0.19491 0.247
0.195519 0.248
0.196128 0.249
0.196735 0.25
0.197341 0.251
0.197945 0.252
0.198549 0.253
0.199151 0.254
0.199752 0.255
0.200352 0.256
0.200951 0.257
0.201548 0.258
0.202145 0.259
0.20274 0.26
0.203334 0.261
0.203926 0.262
0.204518 0.263
0.205108 0.264
0.205698 0.265
0.206286 0.266
0.206872 0.267
0.207458 0.268
0.208043 0.269
0.208626 0.27
0.209208 0.271
0.209789 0.272
0.210369 0.273
0.210948 0.274
0.211525 0.275
0.212101 0.276
0.212677 0.277
0.213251 0.278
0.213824 0.279
0.214395 0.28
0.214966 0.281
0.215536 0.282
0.216104 0.283
0.216671 0.284
0.217237 0.285
0.217802 0.286
0.218366 0.287
0.218929 0.288
0.21949 0.289
0.220051 0.29
0.22061 0.291
0.221168 0.292
0.221725 0.293
0.222281 0.294
0.222836 0.295
0.22339 0.296
0.223943 0.297
0.224494 0.298
0.225045 0.299
0.225594 0.3
0.226142 0.301
0.22669 0.302
0.227236 0.303
0.227781 0.304
0.228325 0.305
0.228867 0.306
0.229409 0.307
0.22995 0.308
0.230489 0.309
0.231028 0.31
0.231565 0.311
0.232102 0.312
0.232637 0.313
0.233171 0.314
0.233704 0.315
0.234236 0.316
0.234767 0.317
0.235297 0.318
0.235826 0.319
0.236354 0.32
0.236881 0.321
0.237406 0.322
0.237931 0.323
0.238455 0.324
0.238977 0.325
0.239499 0.326
0.240019 0.327
0.240539 0.328
0.241057 0.329
0.241574 0.33
0.242091 0.331
0.242606 0.332
0.24312 0.333
0.243633 0.334
0.244146 0.335
0.244657 0.336
0.245167 0.337
0.245676 0.338
0.246184 0.339
0.246692 0.34
0.247198 0.341
0.247703 0.342
0.248207 0.343
0.24871 0.344
0.249212 0.345
0.249713 0.346
0.250213 0.347
0.250712 0.348
0.25121 0.349
0.251707 0.35
0.252203 0.351
0.252699 0.352
0.253193 0.353
0.253686 0.354
0.254178 0.355
0.254669 0.356
0.255159 0.357
0.255648 0.358
0.256137 0.359
0.256624 0.36
0.25711 0.361
0.257595 0.362
0.25808 0.363
0.258563 0.364
0.259046 0.365
0.259527 0.366
0.260007 0.367
0.260487 0.368
0.260965 0.369
0.261443 0.37
0.26192 0.371
0.262395 0.372
0.26287 0.373
0.263344 0.374
0.263817 0.375
0.264289 0.376
0.26476 0.377
0.26523 0.378
0.265699 0.379
0.266167 0.38
0.266634 0.381
0.2671 0.382
0.267566 0.383
0.26803 0.384
0.268493 0.385
0.268956 0.386
0.269418 0.387
0.269878 0.388
0.270338 0.389
0.270797 0.39
0.271255 0.391
0.271712 0.392
0.272168 0.393
0.272623 0.394
0.273078 0.395
0.273531 0.396
0.273983 0.397
0.274435 0.398
0.274886 0.399
0.275336 0.4
0.275784 0.401
0.276232 0.402
0.276679 0.403
0.277126 0.404
0.277571 0.405
0.278015 0.406
0.278459 0.407
0.278902 0.408
0.279343 0.409
0.279784 0.41
0.280224 0.411
0.280663 0.412
0.281102 0.413
0.281539 0.414
0.281975 0.415
0.282411 0.416
0.282846 0.417
0.28328 0.418
0.283713 0.419
0.284145 0.42
0.284576 0.421
0.285006 0.422
0.285436 0.423
0.285865 0.424
0.286293 0.425
0.28672 0.426
0.287146 0.427
0.287571 0.428
0.287995 0.429
0.288419 0.43
0.288842 0.431
0.289264 0.432
0.289685 0.433
0.290105 0.434
0.290524 0.435
0.290943 0.436
0.29136 0.437
0.291777 0.438
0.292193 0.439
0.292609 0.44
0.293023 0.441
0.293436 0.442
0.293849 0.443
0.294261 0.444
0.294672 0.445
0.295082 0.446
0.295492 0.447
0.2959 0.448
0.296308 0.449
0.296715 0.45
0.297121 0.451
0.297527 0.452
0.297931 0.453
0.298335 0.454
0.298738 0.455
0.29914 0.456
0.299541 0.457
0.299942 0.458
0.300342 0.459
0.30074 0.46
0.301139 0.461
0.301536 0.462
0.301932 0.463
0.302328 0.464
0.302723 0.465
0.303117 0.466
0.303511 0.467
0.303903 0.468
0.304295 0.469
0.304686 0.47
0.305076 0.471
0.305466 0.472
0.305854 0.473
0.306242 0.474
0.306629 0.475
0.307016 0.476
0.307401 0.477
0.307786 0.478
0.30817 0.479
0.308554 0.48
0.308936 0.481
0.309318 0.482
0.309699 0.483
0.310079 0.484
0.310458 0.485
0.310837 0.486
0.311215 0.487
0.311592 0.488
0.311969 0.489
0.312344 0.49
0.312719 0.491
0.313094 0.492
0.313467 0.493
0.31384 0.494
0.314212 0.495
0.314583 0.496
0.314953 0.497
0.315323 0.498
0.315692 0.499
0.31606 0.5
0.316428 0.501
0.316795 0.502
0.317161 0.503
0.317526 0.504
0.317891 0.505
0.318254 0.506
0.318617 0.507
0.31898 0.508
0.319342 0.509
0.319703 0.51
0.320063 0.511
0.320422 0.512
0.320781 0.513
0.321139 0.514
0.321497 0.515
0.321853 0.516
0.322209 0.517
0.322564 0.518
0.322919 0.519
0.323273 0.52
0.323626 0.521
0.323978 0.522
0.32433 0.523
0.324681 0.524
0.325031 0.525
0.325381 0.526
0.32573 0.527
0.326078 0.528
0.326425 0.529
0.326772 0.53
0.327118 0.531
0.327464 0.532
0.327808 0.533
0.328152 0.534
0.328496 0.535
0.328838 0.536
0.32918 0.537
0.329522 0.538
0.329862 0.539
0.330202 0.54
0.330541 0.541
0.33088 0.542
0.331218 0.543
0.331555 0.544
0.331892 0.545
0.332228 0.546
0.332563 0.547
0.332897 0.548
0.333231 0.549
0.333564 0.55
0.333897 0.551
0.334229 0.552
0.33456 0.553
0.334891 0.554
0.335221 0.555
0.33555 0.556
0.335878 0.557
0.336206 0.558
0.336533 0.559
0.33686 0.56
0.337186 0.561
0.337511 0.562
0.337836 0.563
0.33816 0.564
0.338483 0.565
0.338806 0.566
0.339128 0.567
0.33945 0.568
0.33977 0.569
0.34009 0.57
0.34041 0.571
0.340729 0.572
0.341047 0.573
0.341365 0.574
0.341682 0.575
0.341998 0.576
0.342314 0.577
0.342629 0.578
0.342943 0.579
0.343257 0.58
0.34357 0.581
0.343883 0.582
0.344195 0.583
0.344506 0.584
0.344817 0.585
0.345127 0.586
0.345436 0.587
0.345745 0.588
0.346053 0.589
0.346361 0.59
0.346668 0.591
0.346974 0.592
0.34728 0.593
0.347585 0.594
0.347889 0.595
0.348193 0.596
0.348497 0.597
0.348799 0.598
0.349101 0.599
0.349403 0.6
0.349704 0.601
0.350004 0.602
0.350304 0.603
0.350603 0.604
0.350901 0.605
0.351199 0.606
0.351497 0.607
0.351793 0.608
0.352089 0.609
0.352385 0.61
0.35268 0.611
0.352974 0.612
0.353268 0.613
0.353561 0.614
0.353854 0.615
0.354146 0.616
0.354437 0.617
0.354728 0.618
0.355018 0.619
0.355308 0.62
0.355597 0.621
0.355886 0.622
0.356173 0.623
0.356461 0.624
0.356748 0.625
0.357034 0.626
0.357319 0.627
0.357605 0.628
0.357889 0.629
0.358173 0.63
0.358456 0.631
0.358739 0.632
0.359021 0.633
0.359303 0.634
0.359584 0.635
0.359865 0.636
0.360145 0.637
0.360424 0.638
0.360703 0.639
0.360981 0.64
0.361259 0.641
0.361536 0.642
0.361813 0.643
0.362089 0.644
0.362365 0.645
0.36264 0.646
0.362914 0.647
0.363188 0.648
0.363461 0.649
0.363734 0.65
0.364006 0.651
0.364278 0.652
0.364549 0.653
0.36482 0.654
0.36509 0.655
0.36536 0.656
0.365629 0.657
0.365897 0.658
0.366165 0.659
0.366432 0.66
0.366699 0.661
0.366966 0.662
0.367231 0.663
0.367497 0.664
0.367761 0.665
0.368026 0.666
0.368289 0.667
0.368552 0.668
0.368815 0.669
0.369077 0.67
0.369339 0.671
0.3696 0.672
0.36986 0.673
0.37012 0.674
0.37038 0.675
0.370639 0.676
0.370897 0.677
0.371155 0.678
0.371413 0.679
0.37167 0.68
0.371926 0.681
0.372182 0.682
0.372437 0.683
0.372692 0.684
0.372947 0.685
0.3732 0.686
0.373454 0.687
0.373707 0.688
0.373959 0.689
0.374211 0.69
0.374462 0.691
0.374713 0.692
0.374963 0.693
0.375213 0.694
0.375462 0.695
0.375711 0.696
0.37596 0.697
0.376207 0.698
0.376455 0.699
0.376702 0.7
0.376948 0.701
0.377194 0.702
0.377439 0.703
0.377684 0.704
0.377928 0.705
0.378172 0.706
0.378416 0.707
0.378659 0.708
0.378901 0.709
0.379143 0.71
0.379384 0.711
0.379625 0.712
0.379866 0.713
0.380106 0.714
0.380346 0.715
0.380585 0.716
0.380823 0.717
0.381061 0.718
0.381299 0.719
0.381536 0.72
0.381773 0.721
0.382009 0.722
0.382245 0.723
0.38248 0.724
0.382715 0.725
0.382949 0.726
0.383183 0.727
0.383416 0.728
0.383649 0.729
0.383882 0.73
0.384114 0.731
0.384345 0.732
0.384576 0.733
0.384807 0.734
0.385037 0.735
0.385267 0.736
0.385496 0.737
0.385725 0.738
0.385953 0.739
0.386181 0.74
0.386409 0.741
0.386636 0.742
0.386862 0.743
0.387088 0.744
0.387314 0.745
0.387539 0.746
0.387764 0.747
0.387988 0.748
0.388212 0.749
0.388435 0.75
0.388658 0.751
0.38888 0.752
0.389102 0.753
0.389324 0.754
0.389545 0.755
0.389766 0.756
0.389986 0.757
0.390206 0.758
0.390425 0.759
0.390644 0.76
0.390863 0.761
0.391081 0.762
0.391298 0.763
0.391515 0.764
0.391732 0.765
0.391948 0.766
0.392164 0.767
0.39238 0.768
0.392595 0.769
0.392809 0.77
0.393024 0.771
0.393237 0.772
0.393451 0.773
0.393664 0.774
0.393876 0.775
0.394088 0.776
0.3943 0.777
0.394511 0.778
0.394722 0.779
0.394932 0.78
0.395142 0.781
0.395351 0.782
0.39556 0.783
0.395769 0.784
0.395977 0.785
0.396185 0.786
0.396393 0.787
0.3966 0.788
0.396806 0.789
0.397012 0.79
0.397218 0.791
0.397424 0.792
0.397629 0.793
0.397833 0.794
0.398037 0.795
0.398241 0.796
0.398444 0.797
0.398647 0.798
0.39885 0.799
0.399052 0.8
0.399253 0.801
0.399455 0.802
0.399656 0.803
0.399856 0.804
0.400056 0.805
0.400256 0.806
0.400455 0.807
0.400654 0.808
0.400853 0.809
0.401051 0.81
0.401248 0.811
0.401446 0.812
0.401643 0.813
0.401839 0.814
0.402035 0.815
0.402231 0.816
0.402426 0.817
0.402621 0.818
0.402816 0.819
0.40301 0.82
0.403204 0.821
0.403397 0.822
0.40359 0.823
0.403783 0.824
0.403975 0.825
0.404167 0.826
0.404358 0.827
0.404549 0.828
0.40474 0.829
0.404931 0.83
0.40512 0.831
0.40531 0.832
0.405499 0.833
0.405688 0.834
0.405876 0.835
0.406065 0.836
0.406252 0.837
0.40644 0.838
0.406626 0.839
0.406813 0.84
0.406999 0.841
0.407185 0.842
0.40737 0.843
0.407556 0.844
0.40774 0.845
0.407925 0.846
0.408109 0.847
0.408292 0.848
0.408475 0.849
0.408658 0.85
0.408841 0.851
0.409023 0.852
0.409205 0.853
0.409386 0.854
0.409567 0.855
0.409748 0.856
0.409928 0.857
0.410108 0.858
0.410288 0.859
0.410467 0.86
0.410646 0.861
0.410824 0.862
0.411003 0.863
0.41118 0.864
0.411358 0.865
0.411535 0.866
0.411712 0.867
0.411888 0.868
0.412064 0.869
0.41224 0.87
0.412415 0.871
0.41259 0.872
0.412765 0.873
0.412939 0.874
0.413113 0.875
0.413287 0.876
0.41346 0.877
0.413633 0.878
0.413805 0.879
0.413978 0.88
0.414149 0.881
0.414321 0.882
0.414492 0.883
0.414663 0.884
0.414834 0.885
0.415004 0.886
0.415173 0.887
0.415343 0.888
0.415512 0.889
0.415681 0.89
0.415849 0.891
0.416018 0.892
0.416185 0.893
0.416353 0.894
0.41652 0.895
0.416687 0.896
0.416853 0.897
0.417019 0.898
0.417185 0.899
0.417351 0.9
0.417516 0.901
0.41768 0.902
0.417845 0.903
0.418009 0.904
0.418173 0.905
0.418336 0.906
0.4185 0.907
0.418662 0.908
0.418825 0.909
0.418987 0.91
0.419149 0.911
0.419311 0.912
0.419472 0.913
0.419633 0.914
0.419793 0.915
0.419953 0.916
0.420113 0.917
0.420273 0.918
0.420432 0.919
0.420591 0.92
0.42075 0.921
0.420908 0.922
0.421066 0.923
0.421224 0.924
0.421381 0.925
0.421538 0.926
0.421695 0.927
0.421852 0.928
0.422008 0.929
0.422164 0.93
0.422319 0.931
0.422474 0.932
0.422629 0.933
0.422784 0.934
0.422938 0.935
0.423092 0.936
0.423246 0.937
0.423399 0.938
0.423552 0.939
0.423705 0.94
0.423857 0.941
0.42401 0.942
0.424161 0.943
0.424313 0.944
0.424464 0.945
0.424615 0.946
0.424766 0.947
0.424916 0.948
0.425066 0.949
0.425216 0.95
0.425365 0.951
0.425514 0.952
0.425663 0.953
0.425812 0.954
0.42596 0.955
0.426108 0.956
0.426255 0.957
0.426403 0.958
0.42655 0.959
0.426697 0.96
0.426843 0.961
0.426989 0.962
0.427135 0.963
0.427281 0.964
0.427426 0.965
0.427571 0.966
0.427716 0.967
0.42786 0.968
0.428004 0.969
0.428148 0.97
0.428292 0.971
0.428435 0.972
0.428578 0.973
0.428721 0.974
0.428863 0.975
0.429005 0.976
0.429147 0.977
0.429289 0.978
0.42943 0.979
0.429571 0.98
0.429712 0.981
0.429852 0.982
0.429992 0.983
0.430132 0.984
0.430272 0.985
0.430411 0.986
0.43055 0.987
0.430689 0.988
0.430827 0.989
0.430965 0.99
0.431103 0.991
0.431241 0.992
0.431378 0.993
0.431515 0.994
0.431652 0.995
0.431789 0.996
0.431925 0.997
0.432061 0.998
0.432197 0.999
0.432332 1
0.432468 1.001
0.432602 1.002
0.432737 1.003
0.432872 1.004
0.433006 1.005
0.43314 1.006
0.433273 1.007
0.433406 1.008
0.433539 1.009
0.433672 1.01
0.433805 1.011
0.433937 1.012
0.434069 1.013
0.434201 1.014
0.434332 1.015
0.434463 1.016
0.434594 1.017
0.434725 1.018
0.434855 1.019
0.434986 1.02
0.435116 1.021
0.435245 1.022
0.435375 1.023
0.435504 1.024
0.435633 1.025
0.435761 1.026
0.43589 1.027
0.436018 1.028
0.436145 1.029
0.436273 1.03
0.4364 1.031
0.436527 1.032
0.436654 1.033
0.436781 1.034
0.436907 1.035
0.437033 1.036
0.437159 1.037
0.437285 1.038
0.43741 1.039
0.437535 1.04
0.43766 1.041
0.437784 1.042
0.437909 1.043
0.438033 1.044
0.438156 1.045
0.43828 1.046
0.438403 1.047
0.438526 1.048
0.438649 1.049
0.438772 1.05
0.438894 1.051
0.439016 1.052
0.439138 1.053
0.43926 1.054
0.439381 1.055
0.439502 1.056
0.439623 1.057
0.439744 1.058
0.439864 1.059
0.439984 1.06
0.440104 1.061
0.440224 1.062
0.440343 1.063
0.440462 1.064
0.440581 1.065
0.4407 1.066
0.440819 1.067
0.440937 1.068
0.441055 1.069
0.441173 1.07
0.44129 1.071
0.441407 1.072
0.441524 1.073
0.441641 1.074
0.441758 1.075
0.441874 1.076
0.44199 1.077
0.442106 1.078
0.442222 1.079
0.442337 1.08
0.442453 1.081
0.442568 1.082
0.442682 1.083
0.442797 1.084
0.442911 1.085
0.443025 1.086
0.443139 1.087
0.443253 1.088
0.443366 1.089
0.443479 1.09
0.443592 1.091
0.443705 1.092
0.443817 1.093
0.44393 1.094
0.444042 1.095
0.444153 1.096
0.444265 1.097
0.444376 1.098
0.444488 1.099
0.444598 1.1
0.444709 1.101
0.44482 1.102
0.44493 1.103
0.44504 1.104
0.44515 1.105
0.445259 1.106
0.445369 1.107
0.445478 1.108
0.445587 1.109
0.445695 1.11
0.445804 1.111
0.445912 1.112
0.44602 1.113
0.446128 1.114
0.446236 1.115
0.446343 1.116
0.44645 1.117
0.446557 1.118
0.446664 1.119
0.446771 1.12
0.446877 1.121
0.446983 1.122
0.447089 1.123
0.447195 1.124
0.4473 1.125
0.447406 1.126
0.447511 1.127
0.447616 1.128
0.44772 1.129
0.447825 1.13
0.447929 1.131
0.448033 1.132
0.448137 1.133
0.44824 1.134
0.448344 1.135
0.448447 1.136
0.44855 1.137
0.448653 1.138
0.448756 1.139
0.448858 1.14
0.44896 1.141
0.449062 1.142
0.449164 1.143
0.449265 1.144
0.449367 1.145
0.449468 1.146
0.449569 1.147
0.44967 1.148
0.44977 1.149
0.449871 1.15
0.449971 1.151
0.450071 1.152
0.45017 1.153
0.45027 1.154
0.450369 1.155
0.450469 1.156
0.450568 1.157
0.450666 1.158
0.450765 1.159
0.450863 1.16
0.450961 1.161
0.451059 1.162
0.451157 1.163
0.451255 1.164
0.451352 1.165
0.451449 1.166
0.451546 1.167
0.451643 1.168
0.45174 1.169
0.451836 1.17
0.451932 1.171
0.452028 1.172
0.452124 1.173
0.45222 1.174
0.452315 1.175
0.452411 1.176
0.452506 1.177
0.452601 1.178
0.452695 1.179
0.45279 1.18
0.452884 1.181
0.452978 1.182
0.453072 1.183
0.453166 1.184
0.45326 1.185
0.453353 1.186
0.453446 1.187
0.453539 1.188
0.453632 1.189
0.453725 1.19
0.453817 1.191
0.453909 1.192
0.454002 1.193
0.454093 1.194
0.454185 1.195
0.454277 1.196
0.454368 1.197
0.454459 1.198
0.45455 1.199
0.454641 1.2
0.454732 1.201
0.454822 1.202
0.454912 1.203
0.455002 1.204
0.455092 1.205
0.455182 1.206
0.455272 1.207
0.455361 1.208
0.45545 1.209
0.455539 1.21
0.455628 1.211
0.455717 1.212
0.455805 1.213
0.455893 1.214
0.455982 1.215
0.45607 1.216
0.456157 1.217
0.456245 1.218
0.456332 1.219
0.45642 1.22
0.456507 1.221
0.456594 1.222
0.45668 1.223
0.456767 1.224
0.456853 1.225
0.456939 1.226
0.457025 1.227
0.457111 1.228
0.457197 1.229
0.457283 1.23
0.457368 1.231
0.457453 1.232
0.457538 1.233
0.457623 1.234
0.457708 1.235
0.457792 1.236
0.457876 1.237
0.457961 1.238
0.458045 1.239
0.458128 1.24
0.458212 1.241
0.458296 1.242
0.458379 1.243
0.458462 1.244
0.458545 1.245
0.458628 1.246
0.458711 1.247
0.458793 1.248
0.458875 1.249
0.458958 1.25
0.45904 1.251
0.459121 1.252
0.459203 1.253
0.459285 1.254
0.459366 1.255
0.459447 1.256
0.459528 1.257
0.459609 1.258
0.45969 1.259
0.45977 1.26
0.459851 1.261
0.459931 1.262
0.460011 1.263
0.460091 1.264
0.46017 1.265
0.46025 1.266
0.460329 1.267
0.460409 1.268
0.460488 1.269
0.460567 1.27
0.460646 1.271
0.460724 1.272
0.460803 1.273
0.460881 1.274
0.460959 1.275
0.461037 1.276
0.461115 1.277
0.461193 1.278
0.46127 1.279
0.461348 1.28
0.461425 1.281
0.461502 1.282
0.461579 1.283
0.461656 1.284
0.461732 1.285
0.461809 1.286
0.461885 1.287
0.461961 1.288
0.462037 1.289
0.462113 1.29
0.462189 1.291
0.462264 1.292
0.46234 1.293
0.462415 1.294
0.46249 1.295
0.462565 1.296
0.46264 1.297
0.462714 1.298
0.462789 1.299
0.462863 1.3
0.462937 1.301
0.463011 1.302
0.463085 1.303
0.463159 1.304
0.463233 1.305
0.463306 1.306
0.46338 1.307
0.463453 1.308
0.463526 1.309
0.463599 1.31
0.463671 1.311
0.463744 1.312
0.463816 1.313
0.463889 1.314
0.463961 1.315
0.464033 1.316
0.464105 1.317
0.464176 1.318
0.464248 1.319
0.464319 1.32
0.464391 1.321
0.464462 1.322
0.464533 1.323
0.464604 1.324
0.464674 1.325
0.464745 1.326
0.464815 1.327
0.464886 1.328
0.464956 1.329
0.465026 1.33
0.465096 1.331
0.465166 1.332
0.465235 1.333
0.465305 1.334
0.465374 1.335
0.465443 1.336
0.465512 1.337
0.465581 1.338
0.46565 1.339
0.465718 1.34
0.465787 1.341
0.465855 1.342
0.465923 1.343
0.465992 1.344
0.46606 1.345
0.466127 1.346
0.466195 1.347
0.466263 1.348
0.46633 1.349
0.466397 1.35
0.466464 1.351
0.466531 1.352
0.466598 1.353
0.466665 1.354
0.466732 1.355
0.466798 1.356
0.466864 1.357
0.466931 1.358
0.466997 1.359
0.467063 1.36
0.467128 1.361
0.467194 1.362
0.46726 1.363
0.467325 1.364
0.46739 1.365
0.467456 1.366
0.467521 1.367
0.467585 1.368
0.46765 1.369
0.467715 1.37
0.467779 1.371
0.467844 1.372
0.467908 1.373
0.467972 1.374
0.468036 1.375
0.4681 1.376
0.468164 1.377
0.468227 1.378
0.468291 1.379
0.468354 1.38
0.468417 1.381
0.46848 1.382
0.468543 1.383
0.468606 1.384
0.468669 1.385
0.468732 1.386
0.468794 1.387
0.468856 1.388
0.468919 1.389
0.468981 1.39
0.469043 1.391
0.469105 1.392
0.469166 1.393
0.469228 1.394
0.469289 1.395
0.469351 1.396
0.469412 1.397
0.469473 1.398
0.469534 1.399
0.469595 1.4
0.469656 1.401
0.469716 1.402
0.469777 1.403
0.469837 1.404
0.469898 1.405
0.469958 1.406
0.470018 1.407
0.470078 1.408
0.470137 1.409
0.470197 1.41
0.470257 1.411
0.470316 1.412
0.470375 1.413
0.470435 1.414
0.470494 1.415
0.470553 1.416
0.470611 1.417
0.47067 1.418
0.470729 1.419
0.470787 1.42
0.470846 1.421
0.470904 1.422
0.470962 1.423
0.47102 1.424
0.471078 1.425
0.471136 1.426
0.471193 1.427
0.471251 1.428
0.471308 1.429
0.471366 1.43
0.471423 1.431
0.47148 1.432
0.471537 1.433
0.471594 1.434
0.471651 1.435
0.471707 1.436
0.471764 1.437
0.47182 1.438
0.471876 1.439
0.471933 1.44
0.471989 1.441
0.472045 1.442
0.472101 1.443
0.472156 1.444
0.472212 1.445
0.472267 1.446
0.472323 1.447
0.472378 1.448
0.472433 1.449
0.472488 1.45
0.472543 1.451
0.472598 1.452
0.472653 1.453
0.472708 1.454
0.472762 1.455
0.472817 1.456
0.472871 1.457
0.472925 1.458
0.472979 1.459
0.473033 1.46
0.473087 1.461
0.473141 1.462
0.473194 1.463
0.473248 1.464
0.473301 1.465
0.473355 1.466
0.473408 1.467
0.473461 1.468
0.473514 1.469
0.473567 1.47
0.47362 1.471
0.473673 1.472
0.473725 1.473
0.473778 1.474
0.47383 1.475
0.473882 1.476
0.473935 1.477
0.473987 1.478
0.474039 1.479
0.474091 1.48
0.474142 1.481
0.474194 1.482
0.474246 1.483
0.474297 1.484
0.474348 1.485
0.4744 1.486
0.474451 1.487
0.474502 1.488
0.474553 1.489
0.474604 1.49
0.474654 1.491
0.474705 1.492
0.474756 1.493
0.474806 1.494
0.474856 1.495
0.474907 1.496
0.474957 1.497
0.475007 1.498
0.475057 1.499
0.475106 1.5
0.475156 1.501
0.475206 1.502
0.475255 1.503
0.475305 1.504
0.475354 1.505
0.475403 1.506
0.475453 1.507
0.475502 1.508
0.475551 1.509
0.475599 1.51
0.475648 1.511
0.475697 1.512
0.475745 1.513
0.475794 1.514
0.475842 1.515
0.47589 1.516
0.475939 1.517
0.475987 1.518
0.476035 1.519
0.476083 1.52
0.47613 1.521
0.476178 1.522
0.476226 1.523
0.476273 1.524
0.476321 1.525
0.476368 1.526
0.476415 1.527
0.476462 1.528
0.476509 1.529
0.476556 1.53
0.476603 1.531
0.47665 1.532
0.476696 1.533
0.476743 1.534
0.476789 1.535
0.476836 1.536
0.476882 1.537
0.476928 1.538
0.476974 1.539
0.47702 1.54
0.477066 1.541
0.477112 1.542
0.477158 1.543
0.477203 1.544
0.477249 1.545
0.477294 1.546
0.47734 1.547
0.477385 1.548
0.47743 1.549
0.477475 1.55
0.47752 1.551
0.477565 1.552
0.47761 1.553
0.477655 1.554
0.4777 1.555
0.477744 1.556
0.477789 1.557
0.477833 1.558
0.477877 1.559
0.477921 1.56
0.477966 1.561
0.47801 1.562
0.478053 1.563
0.478097 1.564
0.478141 1.565
0.478185 1.566
0.478228 1.567
0.478272 1.568
0.478315 1.569
0.478359 1.57
0.478402 1.571
0.478445 1.572
0.478488 1.573
0.478531 1.574
0.478574 1.575
0.478617 1.576
0.478659 1.577
0.478702 1.578
0.478745 1.579
0.478787 1.58
0.47883 1.581
0.478872 1.582
0.478914 1.583
0.478956 1.584
0.478998 1.585
0.47904 1.586
0.479082 1.587
0.479124 1.588
0.479166 1.589
0.479207 1.59
0.479249 1.591
0.47929 1.592
0.479332 1.593
0.479373 1.594
0.479414 1.595
0.479455 1.596
0.479496 1.597
0.479537 1.598
0.479578 1.599
0.479619 1.6
0.47966 1.601
0.4797 1.602
0.479741 1.603
0.479781 1.604
0.479822 1.605
0.479862 1.606
0.479902 1.607
0.479942 1.608
0.479982 1.609
0.480022 1.61
0.480062 1.611
0.480102 1.612
0.480142 1.613
0.480182 1.614
0.480221 1.615
0.480261 1.616
0.4803 1.617
0.48034 1.618
0.480379 1.619
0.480418 1.62
0.480457 1.621
0.480496 1.622
0.480535 1.623
0.480574 1.624
0.480613 1.625
0.480652 1.626
0.48069 1.627
0.480729 1.628
0.480767 1.629
0.480806 1.63
0.480844 1.631
0.480882 1.632
0.480921 1.633
0.480959 1.634
0.480997 1.635
0.481035 1.636
0.481073 1.637
0.48111 1.638
0.481148 1.639
0.481186 1.64
0.481223 1.641
0.481261 1.642
0.481298 1.643
0.481336 1.644
0.481373 1.645
0.48141 1.646
0.481447 1.647
0.481485 1.648
0.481521 1.649
0.481558 1.65
0.481595 1.651
0.481632 1.652
0.481669 1.653
0.481705 1.654
0.481742 1.655
0.481778 1.656
0.481815 1.657
0.481851 1.658
0.481887 1.659
0.481924 1.66
0.48196 1.661
0.481996 1.662
0.482032 1.663
0.482068 1.664
0.482103 1.665
0.482139 1.666
0.482175 1.667
0.482211 1.668
0.482246 1.669
0.482282 1.67
0.482317 1.671
0.482352 1.672
0.482388 1.673
0.482423 1.674
0.482458 1.675
0.482493 1.676
0.482528 1.677
0.482563 1.678
0.482598 1.679
0.482632 1.68
0.482667 1.681
0.482702 1.682
0.482736 1.683
0.482771 1.684
0.482805 1.685
0.48284 1.686
0.482874 1.687
0.482908 1.688
0.482942 1.689
0.482976 1.69
0.48301 1.691
0.483044 1.692
0.483078 1.693
0.483112 1.694
0.483146 1.695
0.483179 1.696
0.483213 1.697
0.483246 1.698
0.48328 1.699
0.483313 1.7
0.483347 1.701
0.48338 1.702
0.483413 1.703
0.483446 1.704
0.483479 1.705
0.483512 1.706
0.483545 1.707
0.483578 1.708
0.483611 1.709
0.483644 1.71
0.483676 1.711
0.483709 1.712
0.483742 1.713
0.483774 1.714
0.483807 1.715
0.483839 1.716
0.483871 1.717
0.483903 1.718
0.483936 1.719
0.483968 1.72
0.484 1.721
0.484032 1.722
0.484064 1.723
0.484095 1.724
0.484127 1.725
0.484159 1.726
0.484191 1.727
0.484222 1.728
0.484254 1.729
0.484285 1.73
0.484317 1.731
0.484348 1.732
0.484379 1.733
0.48441 1.734
0.484441 1.735
0.484473 1.736
0.484504 1.737
0.484535 1.738
0.484565 1.739
0.484596 1.74
0.484627 1.741
0.484658 1.742
0.484688 1.743
0.484719 1.744
0.48475 1.745
0.48478 1.746
0.48481 1.747
0.484841 1.748
0.484871 1.749
0.484901 1.75
0.484931 1.751
0.484962 1.752
0.484992 1.753
0.485022 1.754
0.485052 1.755
0.485081 1.756
0.485111 1.757
0.485141 1.758
0.485171 1.759
0.4852 1.76
0.48523 1.761
0.485259 1.762
0.485289 1.763
0.485318 1.764
0.485348 1.765
0.485377 1.766
0.485406 1.767
0.485435 1.768
0.485464 1.769
0.485493 1.77
0.485522 1.771
0.485551 1.772
0.48558 1.773
0.485609 1.774
0.485638 1.775
0.485666 1.776
0.485695 1.777
0.485724 1.778
0.485752 1.779
0.485781 1.78
0.485809 1.781
0.485837 1.782
0.485866 1.783
0.485894 1.784
0.485922 1.785
0.48595 1.786
0.485978 1.787
0.486006 1.788
0.486034 1.789
0.486062 1.79
0.48609 1.791
0.486118 1.792
0.486146 1.793
0.486173 1.794
0.486201 1.795
0.486228 1.796
0.486256 1.797
0.486283 1.798
0.486311 1.799
0.486338 1.8
0.486365 1.801
0.486393 1.802
0.48642 1.803
0.486447 1.804
0.486474 1.805
0.486501 1.806
0.486528 1.807
0.486555 1.808
0.486582 1.809
0.486609 1.81
0.486635 1.811
0.486662 1.812
0.486689 1.813
0.486715 1.814
0.486742 1.815
0.486768 1.816
0.486795 1.817
0.486821 1.818
0.486848 1.819
0.486874 1.82
0.4869 1.821
0.486926 1.822
0.486952 1.823
0.486978 1.824
0.487004 1.825
0.48703 1.826
0.487056 1.827
0.487082 1.828
0.487108 1.829
0.487134 1.83
0.487159 1.831
0.487185 1.832
0.487211 1.833
0.487236 1.834
0.487262 1.835
0.487287 1.836
0.487313 1.837
0.487338 1.838
0.487363 1.839
0.487389 1.84
0.487414 1.841
0.487439 1.842
0.487464 1.843
0.487489 1.844
0.487514 1.845
0.487539 1.846
0.487564 1.847
0.487589 1.848
0.487613 1.849
0.487638 1.85
0.487663 1.851
0.487688 1.852
0.487712 1.853
0.487737 1.854
0.487761 1.855
0.487786 1.856
0.48781 1.857
0.487834 1.858
0.487859 1.859
0.487883 1.86
0.487907 1.861
0.487931 1.862
0.487956 1.863
0.48798 1.864
0.488004 1.865
0.488028 1.866
0.488051 1.867
0.488075 1.868
0.488099 1.869
0.488123 1.87
0.488147 1.871
0.48817 1.872
0.488194 1.873
0.488218 1.874
0.488241 1.875
0.488265 1.876
0.488288 1.877
0.488311 1.878
0.488335 1.879
0.488358 1.88
0.488381 1.881
0.488405 1.882
0.488428 1.883
0.488451 1.884
0.488474 1.885
0.488497 1.886
0.48852 1.887
0.488543 1.888
0.488566 1.889
0.488589 1.89
0.488611 1.891
0.488634 1.892
0.488657 1.893
0.48868 1.894
0.488702 1.895
0.488725 1.896
0.488747 1.897
0.48877 1.898
0.488792 1.899
0.488815 1.9
0.488837 1.901
0.488859 1.902
0.488882 1.903
0.488904 1.904
0.488926 1.905
0.488948 1.906
0.48897 1.907
0.488992 1.908
0.489014 1.909
0.489036 1.91
0.489058 1.911
0.48908 1.912
0.489102 1.913
0.489123 1.914
0.489145 1.915
0.489167 1.916
0.489189 1.917
0.48921 1.918
0.489232 1.919
0.489253 1.92
0.489275 1.921
0.489296 1.922
0.489317 1.923
0.489339 1.924
0.48936 1.925
0.489381 1.926
0.489403 1.927
0.489424 1.928
0.489445 1.929
0.489466 1.93
0.489487 1.931
0.489508 1.932
0.489529 1.933
0.48955 1.934
0.489571 1.935
0.489592 1.936
0.489612 1.937
0.489633 1.938
0.489654 1.939
0.489675 1.94
0.489695 1.941
0.489716 1.942
0.489736 1.943
0.489757 1.944
0.489777 1.945
0.489798 1.946
0.489818 1.947
0.489838 1.948
0.489859 1.949
0.489879 1.95
0.489899 1.951
0.489919 1.952
0.48994 1.953
0.48996 1.954
0.48998 1.955
0.49 1.956
0.49002 1.957
0.49004 1.958
0.49006 1.959
0.490079 1.96
0.490099 1.961
0.490119 1.962
0.490139 1.963
0.490159 1.964
0.490178 1.965
0.490198 1.966
0.490217 1.967
0.490237 1.968
0.490256 1.969
0.490276 1.97
0.490295 1.971
0.490315 1.972
0.490334 1.973
0.490353 1.974
0.490373 1.975
0.490392 1.976
0.490411 1.977
0.49043 1.978
0.490449 1.979
0.490468 1.98
0.490487 1.981
0.490506 1.982
0.490525 1.983
0.490544 1.984
0.490563 1.985
0.490582 1.986
0.490601 1.987
0.49062 1.988
0.490638 1.989
0.490657 1.99
0.490676 1.991
0.490694 1.992
0.490713 1.993
0.490732 1.994
0.49075 1.995
0.490769 1.996
0.490787 1.997
0.490805 1.998
0.490824 1.999
0.490842 2
0.49086 2.001
0.490879 2.002
0.490897 2.003
0.490915 2.004
0.490933 2.005
0.490951 2.006
0.490969 2.007
0.490988 2.008
0.491006 2.009
0.491024 2.01
0.491041 2.011
0.491059 2.012
0.491077 2.013
0.491095 2.014
0.491113 2.015
0.491131 2.016
0.491148 2.017
0.491166 2.018
0.491184 2.019
0.491201 2.02
0.491219 2.021
0.491236 2.022
0.491254 2.023
0.491271 2.024
0.491289 2.025
0.491306 2.026
0.491324 2.027
0.491341 2.028
0.491358 2.029
0.491375 2.03
0.491393 2.031
0.49141 2.032
0.491427 2.033
0.491444 2.034
0.491461 2.035
0.491478 2.036
0.491495 2.037
0.491512 2.038
0.491529 2.039
0.491546 2.04
0.491563 2.041
0.49158 2.042
0.491597 2.043
0.491614 2.044
0.49163 2.045
0.491647 2.046
0.491664 2.047
0.49168 2.048
0.491697 2.049
0.491714 2.05
0.49173 2.051
0.491747 2.052
0.491763 2.053
0.49178 2.054
0.491796 2.055
0.491813 2.056
0.491829 2.057
0.491845 2.058
0.491861 2.059
0.491878 2.06
0.491894 2.061
0.49191 2.062
0.491926 2.063
0.491942 2.064
0.491959 2.065
0.491975 2.066
0.491991 2.067
0.492007 2.068
0.492023 2.069
0.492039 2.07
0.492054 2.071
0.49207 2.072
0.492086 2.073
0.492102 2.074
0.492118 2.075
0.492134 2.076
0.492149 2.077
0.492165 2.078
0.492181 2.079
0.492196 2.08
0.492212 2.081
0.492227 2.082
0.492243 2.083
0.492258 2.084
0.492274 2.085
0.492289 2.086
0.492305 2.087
0.49232 2.088
0.492335 2.089
0.492351 2.09
0.492366 2.091
0.492381 2.092
0.492397 2.093
0.492412 2.094
0.492427 2.095
0.492442 2.096
0.492457 2.097
0.492472 2.098
0.492487 2.099
0.492502 2.1
0.492517 2.101
0.492532 2.102
0.492547 2.103
0.492562 2.104
0.492577 2.105
0.492592 2.106
0.492606 2.107
0.492621 2.108
0.492636 2.109
0.492651 2.11
0.492665 2.111
0.49268 2.112
0.492695 2.113
0.492709 2.114
0.492724 2.115
0.492738 2.116
0.492753 2.117
0.492767 2.118
0.492782 2.119
0.492796 2.12
0.492811 2.121
0.492825 2.122
0.492839 2.123
0.492854 2.124
0.492868 2.125
0.492882 2.126
0.492896 2.127
0.492911 2.128
0.492925 2.129
0.492939 2.13
0.492953 2.131
0.492967 2.132
0.492981 2.133
0.492995 2.134
0.493009 2.135
0.493023 2.136
0.493037 2.137
0.493051 2.138
0.493065 2.139
0.493079 2.14
0.493092 2.141
0.493106 2.142
0.49312 2.143
0.493134 2.144
0.493148 2.145
0.493161 2.146
0.493175 2.147
0.493189 2.148
0.493202 2.149
0.493216 2.15
0.493229 2.151
0.493243 2.152
0.493256 2.153
0.49327 2.154
0.493283 2.155
0.493297 2.156
0.49331 2.157
0.493323 2.158
0.493337 2.159
0.49335 2.16
0.493363 2.161
0.493377 2.162
0.49339 2.163
0.493403 2.164
0.493416 2.165
0.493429 2.166
0.493443 2.167
0.493456 2.168
0.493469 2.169
0.493482 2.17
0.493495 2.171
0.493508 2.172
0.493521 2.173
0.493534 2.174
0.493547 2.175
0.493559 2.176
0.493572 2.177
0.493585 2.178
0.493598 2.179
0.493611 2.18
0.493624 2.181
0.493636 2.182
0.493649 2.183
0.493662 2.184
0.493674 2.185
0.493687 2.186
0.4937 2.187
0.493712 2.188
0.493725 2.189
0.493737 2.19
0.49375 2.191
0.493762 2.192
0.493775 2.193
0.493787 2.194
0.4938 2.195
0.493812 2.196
0.493824 2.197
0.493837 2.198
0.493849 2.199
0.493861 2.2
0.493874 2.201
0.493886 2.202
0.493898 2.203
0.49391 2.204
0.493922 2.205
0.493935 2.206
0.493947 2.207
0.493959 2.208
0.493971 2.209
0.493983 2.21
0.493995 2.211
0.494007 2.212
0.494019 2.213
0.494031 2.214
0.494043 2.215
0.494055 2.216
0.494067 2.217
0.494078 2.218
0.49409 2.219
0.494102 2.22
0.494114 2.221
0.494126 2.222
0.494137 2.223
0.494149 2.224
0.494161 2.225
0.494172 2.226
0.494184 2.227
0.494196 2.228
0.494207 2.229
0.494219 2.23
0.49423 2.231
0.494242 2.232
0.494253 2.233
0.494265 2.234
0.494276 2.235
0.494288 2.236
0.494299 2.237
0.494311 2.238
0.494322 2.239
0.494333 2.24
0.494345 2.241
0.494356 2.242
0.494367 2.243
0.494378 2.244
0.49439 2.245
0.494401 2.246
0.494412 2.247
0.494423 2.248
0.494434 2.249
0.494446 2.25
0.494457 2.251
0.494468 2.252
0.494479 2.253
0.49449 2.254
0.494501 2.255
0.494512 2.256
0.494523 2.257
0.494534 2.258
0.494545 2.259
0.494555 2.26
0.494566 2.261
0.494577 2.262
0.494588 2.263
0.494599 2.264
0.49461 2.265
0.49462 2.266
0.494631 2.267
0.494642 2.268
0.494653 2.269
0.494663 2.27
0.494674 2.271
0.494685 2.272
0.494695 2.273
0.494706 2.274
0.494716 2.275
0.494727 2.276
0.494737 2.277
0.494748 2.278
0.494758 2.279
0.494769 2.28
0.494779 2.281
0.49479 2.282
0.4948 2.283
0.494811 2.284
0.494821 2.285
0.494831 2.286
0.494842 2.287
0.494852 2.288
0.494862 2.289
0.494873 2.29
0.494883 2.291
0.494893 2.292
0.494903 2.293
0.494913 2.294
0.494924 2.295
0.494934 2.296
0.494944 2.297
0.494954 2.298
0.494964 2.299
0.494974 2.3
0.494984 2.301
0.494994 2.302
0.495004 2.303
0.495014 2.304
0.495024 2.305
0.495034 2.306
0.495044 2.307
0.495054 2.308
0.495064 2.309
0.495074 2.31
0.495083 2.311
0.495093 2.312
0.495103 2.313
0.495113 2.314
0.495123 2.315
0.495132 2.316
0.495142 2.317
0.495152 2.318
0.495161 2.319
0.495171 2.32
0.495181 2.321
0.49519 2.322
0.4952 2.323
0.49521 2.324
0.495219 2.325
0.495229 2.326
0.495238 2.327
0.495248 2.328
0.495257 2.329
0.495267 2.33
0.495276 2.331
0.495286 2.332
0.495295 2.333
0.495304 2.334
0.495314 2.335
0.495323 2.336
0.495333 2.337
0.495342 2.338
0.495351 2.339
0.49536 2.34
0.49537 2.341
0.495379 2.342
0.495388 2.343
0.495397 2.344
0.495407 2.345
0.495416 2.346
0.495425 2.347
0.495434 2.348
0.495443 2.349
0.495452 2.35
0.495461 2.351
0.495471 2.352
0.49548 2.353
0.495489 2.354
0.495498 2.355
0.495507 2.356
0.495516 2.357
0.495525 2.358
0.495533 2.359
0.495542 2.36
0.495551 2.361
0.49556 2.362
0.495569 2.363
0.495578 2.364
0.495587 2.365
0.495596 2.366
0.495604 2.367
0.495613 2.368
0.495622 2.369
0.495631 2.37
0.495639 2.371
0.495648 2.372
0.495657 2.373
0.495665 2.374
0.495674 2.375
0.495683 2.376
0.495691 2.377
0.4957 2.378
0.495709 2.379
0.495717 2.38
0.495726 2.381
0.495734 2.382
0.495743 2.383
0.495751 2.384
0.49576 2.385
0.495768 2.386
0.495777 2.387
0.495785 2.388
0.495794 2.389
0.495802 2.39
0.49581 2.391
0.495819 2.392
0.495827 2.393
0.495835 2.394
0.495844 2.395
0.495852 2.396
0.49586 2.397
0.495869 2.398
0.495877 2.399
0.495885 2.4
0.495893 2.401
0.495902 2.402
0.49591 2.403
0.495918 2.404
0.495926 2.405
0.495934 2.406
0.495942 2.407
0.49595 2.408
0.495959 2.409
0.495967 2.41
0.495975 2.411
0.495983 2.412
0.495991 2.413
0.495999 2.414
0.496007 2.415
0.496015 2.416
0.496023 2.417
0.496031 2.418
0.496039 2.419
0.496046 2.42
0.496054 2.421
0.496062 2.422
0.49607 2.423
0.496078 2.424
0.496086 2.425
0.496094 2.426
0.496101 2.427
0.496109 2.428
0.496117 2.429
0.496125 2.43
0.496133 2.431
0.49614 2.432
0.496148 2.433
0.496156 2.434
0.496163 2.435
0.496171 2.436
0.496179 2.437
0.496186 2.438
0.496194 2.439
0.496201 2.44
0.496209 2.441
0.496217 2.442
0.496224 2.443
0.496232 2.444
0.496239 2.445
0.496247 2.446
0.496254 2.447
0.496262 2.448
0.496269 2.449
0.496277 2.45
0.496284 2.451
0.496292 2.452
0.496299 2.453
0.496306 2.454
0.496314 2.455
0.496321 2.456
0.496328 2.457
0.496336 2.458
0.496343 2.459
0.49635 2.46
0.496358 2.461
0.496365 2.462
0.496372 2.463
0.49638 2.464
0.496387 2.465
0.496394 2.466
0.496401 2.467
0.496408 2.468
0.496416 2.469
0.496423 2.47
0.49643 2.471
0.496437 2.472
0.496444 2.473
0.496451 2.474
0.496458 2.475
0.496465 2.476
0.496472 2.477
0.496479 2.478
0.496487 2.479
0.496494 2.48
0.496501 2.481
0.496508 2.482
0.496515 2.483
0.496521 2.484
0.496528 2.485
0.496535 2.486
0.496542 2.487
0.496549 2.488
0.496556 2.489
0.496563 2.49
0.49657 2.491
0.496577 2.492
0.496584 2.493
0.49659 2.494
0.496597 2.495
0.496604 2.496
0.496611 2.497
0.496618 2.498
0.496624 2.499
0.496631 2.5
0.496638 2.501
0.496644 2.502
0.496651 2.503
0.496658 2.504
0.496665 2.505
0.496671 2.506
0.496678 2.507
0.496685 2.508
0.496691 2.509
0.496698 2.51
0.496704 2.511
0.496711 2.512
0.496717 2.513
0.496724 2.514
0.496731 2.515
0.496737 2.516
0.496744 2.517
0.49675 2.518
0.496757 2.519
0.496763 2.52
0.49677 2.521
0.496776 2.522
0.496782 2.523
0.496789 2.524
0.496795 2.525
0.496802 2.526
0.496808 2.527
0.496815 2.528
0.496821 2.529
0.496827 2.53
0.496834 2.531
0.49684 2.532
0.496846 2.533
0.496853 2.534
0.496859 2.535
0.496865 2.536
0.496871 2.537
0.496878 2.538
0.496884 2.539
0.49689 2.54
0.496896 2.541
0.496902 2.542
0.496909 2.543
0.496915 2.544
0.496921 2.545
0.496927 2.546
0.496933 2.547
0.496939 2.548
0.496946 2.549
0.496952 2.55
0.496958 2.551
0.496964 2.552
0.49697 2.553
0.496976 2.554
0.496982 2.555
0.496988 2.556
0.496994 2.557
0.497 2.558
0.497006 2.559
0.497012 2.56
0.497018 2.561
0.497024 2.562
0.49703 2.563
0.497036 2.564
0.497042 2.565
0.497048 2.566
0.497054 2.567
0.497059 2.568
0.497065 2.569
0.497071 2.57
0.497077 2.571
0.497083 2.572
0.497089 2.573
0.497094 2.574
0.4971 2.575
0.497106 2.576
0.497112 2.577
0.497118 2.578
0.497123 2.579
0.497129 2.58
0.497135 2.581
0.497141 2.582
0.497146 2.583
0.497152 2.584
0.497158 2.585
0.497163 2.586
0.497169 2.587
0.497175 2.588
0.49718 2.589
0.497186 2.59
0.497192 2.591
0.497197 2.592
0.497203 2.593
0.497208 2.594
0.497214 2.595
0.49722 2.596
0.497225 2.597
0.497231 2.598
0.497236 2.599
0.497242 2.6
0.497247 2.601
0.497253 2.602
0.497258 2.603
0.497264 2.604
0.497269 2.605
0.497275 2.606
0.49728 2.607
0.497285 2.608
0.497291 2.609
0.497296 2.61
0.497302 2.611
0.497307 2.612
0.497313 2.613
0.497318 2.614
0.497323 2.615
0.497329 2.616
0.497334 2.617
0.497339 2.618
0.497345 2.619
0.49735 2.62
0.497355 2.621
0.49736 2.622
0.497366 2.623
0.497371 2.624
0.497376 2.625
0.497381 2.626
0.497387 2.627
0.497392 2.628
0.497397 2.629
0.497402 2.63
0.497408 2.631
0.497413 2.632
0.497418 2.633
0.497423 2.634
0.497428 2.635
0.497433 2.636
0.497438 2.637
0.497444 2.638
0.497449 2.639
0.497454 2.64
0.497459 2.641
0.497464 2.642
0.497469 2.643
0.497474 2.644
0.497479 2.645
0.497484 2.646
0.497489 2.647
0.497494 2.648
0.497499 2.649
0.497504 2.65
0.497509 2.651
0.497514 2.652
0.497519 2.653
0.497524 2.654
0.497529 2.655
0.497534 2.656
0.497539 2.657
0.497544 2.658
0.497549 2.659
0.497554 2.66
0.497559 2.661
0.497563 2.662
0.497568 2.663
0.497573 2.664
0.497578 2.665
0.497583 2.666
0.497588 2.667
0.497592 2.668
0.497597 2.669
0.497602 2.67
0.497607 2.671
0.497612 2.672
0.497616 2.673
0.497621 2.674
0.497626 2.675
0.497631 2.676
0.497635 2.677
0.49764 2.678
0.497645 2.679
0.49765 2.68
0.497654 2.681
0.497659 2.682
0.497664 2.683
0.497668 2.684
0.497673 2.685
0.497678 2.686
0.497682 2.687
0.497687 2.688
0.497691 2.689
0.497696 2.69
0.497701 2.691
0.497705 2.692
0.49771 2.693
0.497714 2.694
0.497719 2.695
0.497724 2.696
0.497728 2.697
0.497733 2.698
0.497737 2.699
0.497742 2.7
0.497746 2.701
0.497751 2.702
0.497755 2.703
0.49776 2.704
0.497764 2.705
0.497769 2.706
0.497773 2.707
0.497778 2.708
0.497782 2.709
0.497786 2.71
0.497791 2.711
0.497795 2.712
0.4978 2.713
0.497804 2.714
0.497808 2.715
0.497813 2.716
0.497817 2.717
0.497822 2.718
0.497826 2.719
0.49783 2.72
0.497835 2.721
0.497839 2.722
0.497843 2.723
0.497848 2.724
0.497852 2.725
0.497856 2.726
0.49786 2.727
0.497865 2.728
0.497869 2.729
0.497873 2.73
0.497877 2.731
0.497882 2.732
0.497886 2.733
0.49789 2.734
0.497894 2.735
0.497899 2.736
0.497903 2.737
0.497907 2.738
0.497911 2.739
0.497915 2.74
0.49792 2.741
0.497924 2.742
0.497928 2.743
0.497932 2.744
0.497936 2.745
0.49794 2.746
0.497944 2.747
0.497948 2.748
0.497953 2.749
0.497957 2.75
0.497961 2.751
0.497965 2.752
0.497969 2.753
0.497973 2.754
0.497977 2.755
0.497981 2.756
0.497985 2.757
0.497989 2.758
0.497993 2.759
0.497997 2.76
0.498001 2.761
0.498005 2.762
0.498009 2.763
0.498013 2.764
0.498017 2.765
0.498021 2.766
0.498025 2.767
0.498029 2.768
0.498033 2.769
0.498037 2.77
0.498041 2.771
0.498045 2.772
0.498048 2.773
0.498052 2.774
0.498056 2.775
0.49806 2.776
0.498064 2.777
0.498068 2.778
0.498072 2.779
0.498076 2.78
0.498079 2.781
0.498083 2.782
0.498087 2.783
0.498091 2.784
0.498095 2.785
0.498099 2.786
0.498102 2.787
0.498106 2.788
0.49811 2.789
0.498114 2.79
0.498117 2.791
0.498121 2.792
0.498125 2.793
0.498129 2.794
0.498132 2.795
0.498136 2.796
0.49814 2.797
0.498144 2.798
0.498147 2.799
0.498151 2.8
0.498155 2.801
0.498158 2.802
0.498162 2.803
0.498166 2.804
0.498169 2.805
0.498173 2.806
0.498177 2.807
0.49818 2.808
0.498184 2.809
0.498188 2.81
0.498191 2.811
0.498195 2.812
0.498199 2.813
0.498202 2.814
0.498206 2.815
0.498209 2.816
0.498213 2.817
0.498216 2.818
0.49822 2.819
0.498224 2.82
0.498227 2.821
0.498231 2.822
0.498234 2.823
0.498238 2.824
0.498241 2.825
0.498245 2.826
0.498248 2.827
0.498252 2.828
0.498255 2.829
0.498259 2.83
0.498262 2.831
0.498266 2.832
0.498269 2.833
0.498273 2.834
0.498276 2.835
0.49828 2.836
0.498283 2.837
0.498286 2.838
0.49829 2.839
0.498293 2.84
0.498297 2.841
0.4983 2.842
0.498303 2.843
0.498307 2.844
0.49831 2.845
0.498314 2.846
0.498317 2.847
0.49832 2.848
0.498324 2.849
0.498327 2.85
0.49833 2.851
0.498334 2.852
0.498337 2.853
0.49834 2.854
0.498344 2.855
0.498347 2.856
0.49835 2.857
0.498354 2.858
0.498357 2.859
0.49836 2.86
0.498363 2.861
0.498367 2.862
0.49837 2.863
0.498373 2.864
0.498376 2.865
0.49838 2.866
0.498383 2.867
0.498386 2.868
0.498389 2.869
0.498393 2.87
0.498396 2.871
0.498399 2.872
0.498402 2.873
0.498405 2.874
0.498409 2.875
0.498412 2.876
0.498415 2.877
0.498418 2.878
0.498421 2.879
0.498424 2.88
0.498428 2.881
0.498431 2.882
0.498434 2.883
0.498437 2.884
0.49844 2.885
0.498443 2.886
0.498446 2.887
0.498449 2.888
0.498453 2.889
0.498456 2.89
0.498459 2.891
0.498462 2.892
0.498465 2.893
0.498468 2.894
0.498471 2.895
0.498474 2.896
0.498477 2.897
0.49848 2.898
0.498483 2.899
0.498486 2.9
0.498489 2.901
0.498492 2.902
0.498495 2.903
0.498498 2.904
0.498501 2.905
0.498504 2.906
0.498507 2.907
0.49851 2.908
0.498513 2.909
0.498516 2.91
0.498519 2.911
0.498522 2.912
0.498525 2.913
0.498528 2.914
0.498531 2.915
0.498534 2.916
0.498537 2.917
0.49854 2.918
0.498543 2.919
0.498546 2.92
0.498548 2.921
0.498551 2.922
0.498554 2.923
0.498557 2.924
0.49856 2.925
0.498563 2.926
0.498566 2.927
0.498569 2.928
0.498572 2.929
0.498574 2.93
0.498577 2.931
0.49858 2.932
0.498583 2.933
0.498586 2.934
0.498589 2.935
0.498591 2.936
0.498594 2.937
0.498597 2.938
0.4986 2.939
0.498603 2.94
0.498605 2.941
0.498608 2.942
0.498611 2.943
0.498614 2.944
0.498617 2.945
0.498619 2.946
0.498622 2.947
0.498625 2.948
0.498628 2.949
0.49863 2.95
0.498633 2.951
0.498636 2.952
0.498638 2.953
0.498641 2.954
0.498644 2.955
0.498647 2.956
0.498649 2.957
0.498652 2.958
0.498655 2.959
0.498657 2.96
0.49866 2.961
0.498663 2.962
0.498665 2.963
0.498668 2.964
0.498671 2.965
0.498673 2.966
0.498676 2.967
0.498679 2.968
0.498681 2.969
0.498684 2.97
0.498687 2.971
0.498689 2.972
0.498692 2.973
0.498694 2.974
0.498697 2.975
0.4987 2.976
0.498702 2.977
0.498705 2.978
0.498707 2.979
0.49871 2.98
0.498713 2.981
0.498715 2.982
0.498718 2.983
0.49872 2.984
0.498723 2.985
0.498725 2.986
0.498728 2.987
0.498731 2.988
0.498733 2.989
0.498736 2.99
0.498738 2.991
0.498741 2.992
0.498743 2.993
0.498746 2.994
0.498748 2.995
0.498751 2.996
0.498753 2.997
0.498756 2.998
0.498758 2.999
0.498761 3
0.498763 3.001
0.498766 3.002
0.498768 3.003
0.49877 3.004
0.498773 3.005
0.498775 3.006
0.498778 3.007
0.49878 3.008
0.498783 3.009
0.498785 3.01
0.498788 3.011
0.49879 3.012
0.498792 3.013
0.498795 3.014
0.498797 3.015
0.4988 3.016
0.498802 3.017
0.498804 3.018
0.498807 3.019
0.498809 3.02
0.498812 3.021
0.498814 3.022
0.498816 3.023
0.498819 3.024
0.498821 3.025
0.498823 3.026
0.498826 3.027
0.498828 3.028
0.49883 3.029
0.498833 3.03
0.498835 3.031
0.498837 3.032
0.49884 3.033
0.498842 3.034
0.498844 3.035
0.498847 3.036
0.498849 3.037
0.498851 3.038
0.498854 3.039
0.498856 3.04
0.498858 3.041
0.49886 3.042
0.498863 3.043
0.498865 3.044
0.498867 3.045
0.49887 3.046
0.498872 3.047
0.498874 3.048
0.498876 3.049
0.498879 3.05
0.498881 3.051
0.498883 3.052
0.498885 3.053
0.498888 3.054
0.49889 3.055
0.498892 3.056
0.498894 3.057
0.498896 3.058
0.498899 3.059
0.498901 3.06
0.498903 3.061
0.498905 3.062
0.498907 3.063
0.49891 3.064
0.498912 3.065
0.498914 3.066
0.498916 3.067
0.498918 3.068
0.49892 3.069
0.498923 3.07
0.498925 3.071
0.498927 3.072
0.498929 3.073
0.498931 3.074
0.498933 3.075
0.498935 3.076
0.498938 3.077
0.49894 3.078
0.498942 3.079
0.498944 3.08
0.498946 3.081
0.498948 3.082
0.49895 3.083
0.498952 3.084
0.498954 3.085
0.498956 3.086
0.498959 3.087
0.498961 3.088
0.498963 3.089
0.498965 3.09
0.498967 3.091
0.498969 3.092
0.498971 3.093
0.498973 3.094
0.498975 3.095
0.498977 3.096
0.498979 3.097
0.498981 3.098
0.498983 3.099
0.498985 3.1
0.498987 3.101
0.498989 3.102
0.498991 3.103
0.498993 3.104
0.498995 3.105
0.498997 3.106
0.498999 3.107
0.499001 3.108
0.499003 3.109
0.499005 3.11
0.499007 3.111
0.499009 3.112
0.499011 3.113
0.499013 3.114
0.499015 3.115
0.499017 3.116
0.499019 3.117
0.499021 3.118
0.499023 3.119
0.499025 3.12
0.499027 3.121
0.499029 3.122
0.499031 3.123
0.499033 3.124
0.499035 3.125
0.499037 3.126
0.499039 3.127
0.499041 3.128
0.499042 3.129
0.499044 3.13
0.499046 3.131
0.499048 3.132
0.49905 3.133
0.499052 3.134
0.499054 3.135
0.499056 3.136
0.499058 3.137
0.49906 3.138
0.499061 3.139
0.499063 3.14
0.499065 3.141
0.499067 3.142
0.499069 3.143
0.499071 3.144
0.499073 3.145
0.499074 3.146
0.499076 3.147
0.499078 3.148
0.49908 3.149
0.499082 3.15
0.499084 3.151
0.499086 3.152
0.499087 3.153
0.499089 3.154
0.499091 3.155
0.499093 3.156
0.499095 3.157
0.499096 3.158
0.499098 3.159
0.4991 3.16
0.499102 3.161
0.499104 3.162
0.499105 3.163
0.499107 3.164
0.499109 3.165
0.499111 3.166
0.499113 3.167
0.499114 3.168
0.499116 3.169
0.499118 3.17
0.49912 3.171
0.499121 3.172
0.499123 3.173
0.499125 3.174
0.499127 3.175
0.499128 3.176
0.49913 3.177
0.499132 3.178
0.499134 3.179
0.499135 3.18
0.499137 3.181
0.499139 3.182
0.49914 3.183
0.499142 3.184
0.499144 3.185
0.499146 3.186
0.499147 3.187
0.499149 3.188
0.499151 3.189
0.499152 3.19
0.499154 3.191
0.499156 3.192
0.499158 3.193
0.499159 3.194
0.499161 3.195
0.499163 3.196
0.499164 3.197
0.499166 3.198
0.499168 3.199
0.499169 3.2
0.499171 3.201
0.499173 3.202
0.499174 3.203
0.499176 3.204
0.499177 3.205
0.499179 3.206
0.499181 3.207
0.499182 3.208
0.499184 3.209
0.499186 3.21
0.499187 3.211
0.499189 3.212
0.499191 3.213
0.499192 3.214
0.499194 3.215
0.499195 3.216
0.499197 3.217
0.499199 3.218
0.4992 3.219
0.499202 3.22
0.499203 3.221
0.499205 3.222
0.499207 3.223
0.499208 3.224
0.49921 3.225
0.499211 3.226
0.499213 3.227
0.499214 3.228
0.499216 3.229
0.499218 3.23
0.499219 3.231
0.499221 3.232
0.499222 3.233
0.499224 3.234
0.499225 3.235
0.499227 3.236
0.499228 3.237
0.49923 3.238
0.499232 3.239
0.499233 3.24
0.499235 3.241
0.499236 3.242
0.499238 3.243
0.499239 3.244
0.499241 3.245
0.499242 3.246
0.499244 3.247
0.499245 3.248
0.499247 3.249
0.499248 3.25
0.49925 3.251
0.499251 3.252
0.499253 3.253
0.499254 3.254
0.499256 3.255
0.499257 3.256
0.499259 3.257
0.49926 3.258
0.499262 3.259
0.499263 3.26
0.499265 3.261
0.499266 3.262
0.499268 3.263
0.499269 3.264
0.49927 3.265
0.499272 3.266
0.499273 3.267
0.499275 3.268
0.499276 3.269
0.499278 3.27
0.499279 3.271
0.499281 3.272
0.499282 3.273
0.499284 3.274
0.499285 3.275
0.499286 3.276
0.499288 3.277
0.499289 3.278
0.499291 3.279
0.499292 3.28
0.499293 3.281
0.499295 3.282
0.499296 3.283
0.499298 3.284
0.499299 3.285
0.499301 3.286
0.499302 3.287
0.499303 3.288
0.499305 3.289
0.499306 3.29
0.499307 3.291
0.499309 3.292
0.49931 3.293
0.499312 3.294
0.499313 3.295
0.499314 3.296
0.499316 3.297
0.499317 3.298
0.499318 3.299
0.49932 3.3
0.499321 3.301
0.499323 3.302
0.499324 3.303
0.499325 3.304
0.499327 3.305
0.499328 3.306
0.499329 3.307
0.499331 3.308
0.499332 3.309
0.499333 3.31
0.499335 3.311
0.499336 3.312
0.499337 3.313
0.499339 3.314
0.49934 3.315
0.499341 3.316
0.499343 3.317
0.499344 3.318
0.499345 3.319
0.499346 3.32
0.499348 3.321
0.499349 3.322
0.49935 3.323
0.499352 3.324
0.499353 3.325
0.499354 3.326
0.499356 3.327
0.499357 3.328
0.499358 3.329
0.499359 3.33
0.499361 3.331
0.499362 3.332
0.499363 3.333
0.499365 3.334
0.499366 3.335
0.499367 3.336
0.499368 3.337
0.49937 3.338
0.499371 3.339
0.499372 3.34
0.499373 3.341
0.499375 3.342
0.499376 3.343
0.499377 3.344
0.499378 3.345
0.49938 3.346
0.499381 3.347
0.499382 3.348
0.499383 3.349
0.499385 3.35
0.499386 3.351
0.499387 3.352
0.499388 3.353
0.499389 3.354
0.499391 3.355
0.499392 3.356
0.499393 3.357
0.499394 3.358
0.499396 3.359
0.499397 3.36
0.499398 3.361
0.499399 3.362
0.4994 3.363
0.499402 3.364
0.499403 3.365
0.499404 3.366
0.499405 3.367
0.499406 3.368
0.499407 3.369
0.499409 3.37
0.49941 3.371
0.499411 3.372
0.499412 3.373
0.499413 3.374
0.499415 3.375
0.499416 3.376
0.499417 3.377
0.499418 3.378
0.499419 3.379
0.49942 3.38
0.499422 3.381
0.499423 3.382
0.499424 3.383
0.499425 3.384
0.499426 3.385
0.499427 3.386
0.499428 3.387
0.49943 3.388
0.499431 3.389
0.499432 3.39
0.499433 3.391
0.499434 3.392
0.499435 3.393
0.499436 3.394
0.499438 3.395
0.499439 3.396
0.49944 3.397
0.499441 3.398
0.499442 3.399
0.499443 3.4
0.499444 3.401
0.499445 3.402
0.499446 3.403
0.499448 3.404
0.499449 3.405
0.49945 3.406
0.499451 3.407
0.499452 3.408
0.499453 3.409
0.499454 3.41
0.499455 3.411
0.499456 3.412
0.499457 3.413
0.499458 3.414
0.49946 3.415
0.499461 3.416
0.499462 3.417
0.499463 3.418
0.499464 3.419
0.499465 3.42
0.499466 3.421
0.499467 3.422
0.499468 3.423
0.499469 3.424
0.49947 3.425
0.499471 3.426
0.499472 3.427
0.499473 3.428
0.499474 3.429
0.499476 3.43
0.499477 3.431
0.499478 3.432
0.499479 3.433
0.49948 3.434
0.499481 3.435
0.499482 3.436
0.499483 3.437
0.499484 3.438
0.499485 3.439
0.499486 3.44
0.499487 3.441
0.499488 3.442
0.499489 3.443
0.49949 3.444
0.499491 3.445
0.499492 3.446
0.499493 3.447
0.499494 3.448
0.499495 3.449
0.499496 3.45
0.499497 3.451
0.499498 3.452
0.499499 3.453
0.4995 3.454
0.499501 3.455
0.499502 3.456
0.499503 3.457
0.499504 3.458
0.499505 3.459
0.499506 3.46
0.499507 3.461
0.499508 3.462
0.499509 3.463
0.49951 3.464
0.499511 3.465
0.499512 3.466
0.499513 3.467
0.499514 3.468
0.499515 3.469
0.499516 3.47
0.499517 3.471
0.499518 3.472
0.499519 3.473
0.49952 3.474
0.499521 3.475
0.499522 3.476
0.499523 3.477
0.499524 3.478
0.499525 3.479
0.499525 3.48
0.499526 3.481
0.499527 3.482
0.499528 3.483
0.499529 3.484
0.49953 3.485
0.499531 3.486
0.499532 3.487
0.499533 3.488
0.499534 3.489
0.499535 3.49
0.499536 3.491
0.499537 3.492
0.499538 3.493
0.499539 3.494
0.499539 3.495
0.49954 3.496
0.499541 3.497
0.499542 3.498
0.499543 3.499
0.499544 3.5
0.499545 3.501
0.499546 3.502
0.499547 3.503
0.499548 3.504
0.499549 3.505
0.499549 3.506
0.49955 3.507
0.499551 3.508
0.499552 3.509
0.499553 3.51
0.499554 3.511
0.499555 3.512
0.499556 3.513
0.499557 3.514
0.499558 3.515
0.499558 3.516
0.499559 3.517
0.49956 3.518
0.499561 3.519
0.499562 3.52
0.499563 3.521
0.499564 3.522
0.499565 3.523
0.499565 3.524
0.499566 3.525
0.499567 3.526
0.499568 3.527
0.499569 3.528
0.49957 3.529
0.499571 3.53
0.499571 3.531
0.499572 3.532
0.499573 3.533
0.499574 3.534
0.499575 3.535
0.499576 3.536
0.499577 3.537
0.499577 3.538
0.499578 3.539
0.499579 3.54
0.49958 3.541
0.499581 3.542
0.499582 3.543
0.499582 3.544
0.499583 3.545
0.499584 3.546
0.499585 3.547
0.499586 3.548
0.499587 3.549
0.499587 3.55
0.499588 3.551
0.499589 3.552
0.49959 3.553
0.499591 3.554
0.499592 3.555
0.499592 3.556
0.499593 3.557
0.499594 3.558
0.499595 3.559
0.499596 3.56
0.499596 3.561
0.499597 3.562
0.499598 3.563
0.499599 3.564
0.4996 3.565
0.4996 3.566
0.499601 3.567
0.499602 3.568
0.499603 3.569
0.499604 3.57
0.499604 3.571
0.499605 3.572
0.499606 3.573
0.499607 3.574
0.499608 3.575
0.499608 3.576
0.499609 3.577
0.49961 3.578
0.499611 3.579
0.499611 3.58
0.499612 3.581
0.499613 3.582
0.499614 3.583
0.499615 3.584
0.499615 3.585
0.499616 3.586
0.499617 3.587
0.499618 3.588
0.499618 3.589
0.499619 3.59
0.49962 3.591
0.499621 3.592
0.499621 3.593
0.499622 3.594
0.499623 3.595
0.499624 3.596
0.499624 3.597
0.499625 3.598
0.499626 3.599
0.499627 3.6
0.499627 3.601
0.499628 3.602
0.499629 3.603
0.49963 3.604
0.49963 3.605
0.499631 3.606
0.499632 3.607
0.499633 3.608
0.499633 3.609
0.499634 3.61
0.499635 3.611
0.499636 3.612
0.499636 3.613
0.499637 3.614
0.499638 3.615
0.499638 3.616
0.499639 3.617
0.49964 3.618
0.499641 3.619
0.499641 3.62
0.499642 3.621
0.499643 3.622
0.499643 3.623
0.499644 3.624
0.499645 3.625
0.499646 3.626
0.499646 3.627
0.499647 3.628
0.499648 3.629
0.499648 3.63
0.499649 3.631
0.49965 3.632
0.499651 3.633
0.499651 3.634
0.499652 3.635
0.499653 3.636
0.499653 3.637
0.499654 3.638
0.499655 3.639
0.499655 3.64
0.499656 3.641
0.499657 3.642
0.499657 3.643
0.499658 3.644
0.499659 3.645
0.49966 3.646
0.49966 3.647
0.499661 3.648
0.499662 3.649
0.499662 3.65
0.499663 3.651
0.499664 3.652
0.499664 3.653
0.499665 3.654
0.499666 3.655
0.499666 3.656
0.499667 3.657
0.499668 3.658
0.499668 3.659
0.499669 3.66
0.49967 3.661
0.49967 3.662
0.499671 3.663
0.499672 3.664
0.499672 3.665
0.499673 3.666
0.499674 3.667
0.499674 3.668
0.499675 3.669
0.499675 3.67
0.499676 3.671
0.499677 3.672
0.499677 3.673
0.499678 3.674
0.499679 3.675
0.499679 3.676
0.49968 3.677
0.499681 3.678
0.499681 3.679
0.499682 3.68
0.499683 3.681
0.499683 3.682
0.499684 3.683
0.499684 3.684
0.499685 3.685
0.499686 3.686
0.499686 3.687
0.499687 3.688
0.499688 3.689
0.499688 3.69
0.499689 3.691
0.499689 3.692
0.49969 3.693
0.499691 3.694
0.499691 3.695
0.499692 3.696
0.499693 3.697
0.499693 3.698
0.499694 3.699
0.499694 3.7
0.499695 3.701
0.499696 3.702
0.499696 3.703
0.499697 3.704
0.499697 3.705
0.499698 3.706
0.499699 3.707
0.499699 3.708
0.4997 3.709
0.4997 3.71
0.499701 3.711
0.499702 3.712
0.499702 3.713
0.499703 3.714
0.499703 3.715
0.499704 3.716
0.499705 3.717
0.499705 3.718
0.499706 3.719
0.499706 3.72
0.499707 3.721
0.499708 3.722
0.499708 3.723
0.499709 3.724
0.499709 3.725
0.49971 3.726
0.49971 3.727
0.499711 3.728
0.499712 3.729
0.499712 3.73
0.499713 3.731
0.499713 3.732
0.499714 3.733
0.499714 3.734
0.499715 3.735
0.499716 3.736
0.499716 3.737
0.499717 3.738
0.499717 3.739
0.499718 3.74
0.499718 3.741
0.499719 3.742
0.49972 3.743
0.49972 3.744
0.499721 3.745
0.499721 3.746
0.499722 3.747
0.499722 3.748
0.499723 3.749
0.499723 3.75
0.499724 3.751
0.499725 3.752
0.499725 3.753
0.499726 3.754
0.499726 3.755
0.499727 3.756
0.499727 3.757
0.499728 3.758
0.499728 3.759
0.499729 3.76
0.499729 3.761
0.49973 3.762
0.499731 3.763
0.499731 3.764
0.499732 3.765
0.499732 3.766
0.499733 3.767
0.499733 3.768
0.499734 3.769
0.499734 3.77
0.499735 3.771
0.499735 3.772
0.499736 3.773
0.499736 3.774
0.499737 3.775
0.499737 3.776
0.499738 3.777
0.499739 3.778
0.499739 3.779
0.49974 3.78
0.49974 3.781
0.499741 3.782
0.499741 3.783
0.499742 3.784
0.499742 3.785
0.499743 3.786
0.499743 3.787
0.499744 3.788
0.499744 3.789
0.499745 3.79
0.499745 3.791
0.499746 3.792
0.499746 3.793
0.499747 3.794
0.499747 3.795
0.499748 3.796
0.499748 3.797
0.499749 3.798
0.499749 3.799
0.49975 3.8
0.49975 3.801
0.499751 3.802
0.499751 3.803
0.499752 3.804
0.499752 3.805
0.499753 3.806
0.499753 3.807
0.499754 3.808
0.499754 3.809
0.499755 3.81
0.499755 3.811
0.499756 3.812
0.499756 3.813
0.499757 3.814
0.499757 3.815
0.499758 3.816
0.499758 3.817
0.499759 3.818
0.499759 3.819
0.49976 3.82
0.49976 3.821
0.499761 3.822
0.499761 3.823
0.499762 3.824
0.499762 3.825
0.499762 3.826
0.499763 3.827
0.499763 3.828
0.499764 3.829
0.499764 3.83
0.499765 3.831
0.499765 3.832
0.499766 3.833
0.499766 3.834
0.499767 3.835
0.499767 3.836
0.499768 3.837
0.499768 3.838
0.499769 3.839
0.499769 3.84
0.499769 3.841
0.49977 3.842
0.49977 3.843
0.499771 3.844
0.499771 3.845
0.499772 3.846
0.499772 3.847
0.499773 3.848
0.499773 3.849
0.499774 3.85
0.499774 3.851
0.499774 3.852
0.499775 3.853
0.499775 3.854
0.499776 3.855
0.499776 3.856
0.499777 3.857
0.499777 3.858
0.499778 3.859
0.499778 3.86
0.499779 3.861
0.499779 3.862
0.499779 3.863
0.49978 3.864
0.49978 3.865
0.499781 3.866
0.499781 3.867
0.499782 3.868
0.499782 3.869
0.499782 3.87
0.499783 3.871
0.499783 3.872
0.499784 3.873
0.499784 3.874
0.499785 3.875
0.499785 3.876
0.499785 3.877
0.499786 3.878
0.499786 3.879
0.499787 3.88
0.499787 3.881
0.499788 3.882
0.499788 3.883
0.499788 3.884
0.499789 3.885
0.499789 3.886
0.49979 3.887
0.49979 3.888
0.499791 3.889
0.499791 3.89
0.499791 3.891
0.499792 3.892
0.499792 3.893
0.499793 3.894
0.499793 3.895
0.499793 3.896
0.499794 3.897
0.499794 3.898
0.499795 3.899
0.499795 3.9
0.499796 3.901
0.499796 3.902
0.499796 3.903
0.499797 3.904
0.499797 3.905
0.499798 3.906
0.499798 3.907
0.499798 3.908
0.499799 3.909
0.499799 3.91
0.4998 3.911
0.4998 3.912
0.4998 3.913
0.499801 3.914
0.499801 3.915
0.499802 3.916
0.499802 3.917
0.499802 3.918
0.499803 3.919
0.499803 3.92
0.499804 3.921
0.499804 3.922
0.499804 3.923
0.499805 3.924
0.499805 3.925
0.499806 3.926
0.499806 3.927
0.499806 3.928
0.499807 3.929
0.499807 3.93
0.499807 3.931
0.499808 3.932
0.499808 3.933
0.499809 3.934
0.499809 3.935
0.499809 3.936
0.49981 3.937
0.49981 3.938
0.499811 3.939
0.499811 3.94
0.499811 3.941
0.499812 3.942
0.499812 3.943
0.499812 3.944
0.499813 3.945
0.499813 3.946
0.499814 3.947
0.499814 3.948
0.499814 3.949
0.499815 3.95
0.499815 3.951
0.499815 3.952
0.499816 3.953
0.499816 3.954
0.499816 3.955
0.499817 3.956
0.499817 3.957
0.499818 3.958
0.499818 3.959
0.499818 3.96
0.499819 3.961
0.499819 3.962
0.499819 3.963
0.49982 3.964
0.49982 3.965
0.49982 3.966
0.499821 3.967
0.499821 3.968
0.499822 3.969
0.499822 3.97
0.499822 3.971
0.499823 3.972
0.499823 3.973
0.499823 3.974
0.499824 3.975
0.499824 3.976
0.499824 3.977
0.499825 3.978
0.499825 3.979
0.499825 3.98
0.499826 3.981
0.499826 3.982
0.499826 3.983
0.499827 3.984
0.499827 3.985
0.499828 3.986
0.499828 3.987
0.499828 3.988
0.499829 3.989
0.499829 3.99
0.499829 3.991
0.49983 3.992
0.49983 3.993
0.49983 3.994
0.499831 3.995
0.499831 3.996
0.499831 3.997
0.499832 3.998
0.499832 3.999
0.499832 4
